68
0.0 995.79364 497.33017 56.568531 
134.71944 863.57452 24.243662 139.40105 
-65.396072 -1642.9689 69.0 2695.3311 
287.95209 698.83942 452.57297 40.0 
850.53088 563.96521 71.428574 32.857143 
707.776 363.3913 60.0 40.0 
287.69 215.11514 161.42857 32.857143 
-43.890583 133.79479999999967 172.42728 31.350414 
36.794548 -7.847209 14.468922 28.215374 
285.28879 -327.0558000000001 31.350414 219.45291 
361.18234 -417.40369 31.350414 219.45291 
442.28604 -480.10452 31.350414 219.45291 
529.84998 -529.1568 31.350414 219.45291 
-667.791798 -579.31744 34.485458 219.45291 
692.97565 -596.2912 31.350414 219.45291 
783.4845 -327.59589 31.350414 219.45291 
848.02869 -458.72781 31.350414 219.45291 
927.97229 -532.40131 31.350414 219.45291 
1000.0782 -464.99789 31.350414 219.45291 
1081.5892 -400.72955 31.350414 219.45291 
1186.9148 -326.48553 31.350414 219.45291 
1280.113 -322.81262 31.350414 219.45291 
1385.7209 -321.16632 31.350414 219.45291 
1623.9515 -317.65094 31.350414 219.45291 
1042.9357 265.34625 60.0 40.0 
838.98914 83.567894 60.0 40.0 
195.60356 -149.95517 11.143708 22.673351 
44.306351 -271.32547 11.143708 22.673351 
191.72415 -364.43146 11.143708 22.673351 
1972.8026 -316.51184 31.350414 219.45291 
2434.5942 -322.40158 31.350414 219.45291 
629.99829 995.79364 497.33017 56.568531 
1517.9906 351.70334 136.91351 19.289524 
1517.9906 110.27278 26.078764 241.43056 
1543.50869 222.5274 111.39561 18.197397 
1654.9043 111.54881 26.078764 110.97859 
1654.9043 240.72479 26.078764 112.91474 
1741.4026 114.09778 26.078764 238.45184 
1910.0857 114.09783 26.078764 237.81062 
1974.8879 98.00098 26.078764 274.42398 
1999.6382 121.456498 26.078764 18.702482 
2025.7168 140.158985 26.078764 49.446335 
2103.9529 287.688867 26.078764 49.041813 
2130.0317 336.730718 26.078764 18.702482 
2156.2827 99.2749 26.078764 276.38452 
2077.8743 238.647117 26.078764 49.041813 
2051.7957 189.605347 26.078764 49.041813 
2420.8076 96.939636 96.133156 26.426832 
2420.8076 219.49968 96.133156 26.426832 
2420.8076 342.05966 96.133156 26.426832 
2394.3809 245.926504 26.426832 96.133156 
2516.9409 123.366524 26.426832 96.133156 
2599.2607 99.156433 96.133156 26.426832 
2572.834 125.583324 26.426832 96.133156 
2599.2607 344.27646 96.133156 26.426832 
2572.834 248.143304 26.426832 96.133156 
2695.3938 248.143304 26.426832 96.133156 
2695.3938 125.583324 26.426832 96.133156 
2814.7036 243.441334 26.426832 96.133156 
2814.7036 120.880804 26.426832 96.133156 
3014.6768 243.440784 26.426832 96.133156 
3014.6768 120.880254 26.426832 96.133156 
2918.5437 217.01396 96.133156 26.426832 
2892.1169 120.880804 26.426832 96.133156 
1481.1002 608.14764 1680.984 32.917934 
1766.6091 351.90845 143.47635 19.289524 
1517.9908 85.906715 136.91351 25.642113 
1767.4812 94.808266 141.28874 19.289524 
